BOEING-VERTOL VR-12 Viterna for NASA LPC
Re 1000000
Ncrit 5
Mach -










-1.800000000000000000e+02 0.000000000000000000e+00 1.000000000000000048e-04
-1.766649999999999920e+02 2.039455115384612716e-01 1.000000000000000048e-04
-1.733300000000000125e+02 4.078910230769225431e-01 1.000000000000000048e-04
-1.699950000000000045e+02 6.118365346153838980e-01 9.623181026541291483e-03
-1.666599999999999966e+02 7.821005166566429301e-01 3.640960498558878933e-02
-1.633249999999999886e+02 6.899039921991020341e-01 7.022866481681358519e-02
-1.599900000000000091e+02 6.368501999679387904e-01 1.106264507263655106e-01
-1.566550000000000011e+02 6.044728692056540176e-01 1.570608359804750997e-01
-1.533200000000000216e+02 5.833474673501879426e-01 2.089087995440861156e-01
-1.499850000000000136e+02 5.681002821157482563e-01 2.654748409852630275e-01
-1.466499999999999773e+02 5.554150390314875896e-01 3.260003737982222205e-01
-1.433149999999999977e+02 5.431289997097866751e-01 3.896739700623901848e-01
-1.399799999999999898e+02 5.297824844568914671e-01 4.556423178395104245e-01
-1.366450000000000102e+02 5.143771553986815626e-01 5.230217430712991167e-01
-1.333100000000000023e+02 4.962381876841922557e-01 5.909101401070243620e-01
-1.299750000000000227e+02 4.749313809926302143e-01 6.583991494668772759e-01
-1.266400000000000148e+02 4.502107384045644367e-01 7.245864181079153532e-01
-1.233049999999999784e+02 4.219835646779978577e-01 7.885877763498296833e-01
-1.199699999999999989e+02 3.902859054288129736e-01 8.495491667528323187e-01
-1.166349999999999909e+02 3.552641917555691697e-01 9.066581636041832759e-01
-1.133000000000000114e+02 3.171606344891234053e-01 9.591549272177054553e-01
-1.099650000000000034e+02 2.763008774808161649e-01 1.006342444906973776e+00
-1.066299999999999955e+02 2.330829946190475510e-01 1.047595920154027915e+00
-1.032950000000000017e+02 1.879672698355030203e-01 1.082371183030661710e+00
-9.996000000000000796e+01 1.414664249070595459e-01 1.110212008182409837e+00
-9.662500000000000000e+01 9.413610774831068784e-02 1.130756241476892798e+00
-9.328999999999999204e+01 4.656555383148090754e-02 1.143740652547900138e+00
-8.995499999999999829e+01 -9.025396555494727240e-04 1.148964480059118998e+00
-8.661999999999999034e+01 -6.835316369763005939e-02 1.143491121364319962e+00
-8.328499999999999659e+01 -1.363132176499871062e-01 1.130300119645646584e+00
-7.995000000000000284e+01 -2.039068437761994423e-01 1.109555067216424273e+00
-7.661500000000000909e+01 -2.702933987047831943e-01 1.081521916313878506e+00
-7.328000000000000114e+01 -3.346805784614811929e-01 1.046565429321305585e+00
-6.994500000000000739e+01 -3.963377652659006434e-01 1.005144290900447324e+00
-6.660999999999999943e+01 -4.546096235603821478e-01 9.578049480313034492e-01
-6.327499999999999858e+01 -5.089300732743551325e-01 9.051742611789909132e-01
-5.994000000000000483e+01 -5.588369125609573551e-01 8.479510659036888498e-01
-5.660499999999999687e+01 -6.039875758484735124e-01 7.868967589822433162e-01
-5.327000000000000313e+01 -6.441768390827242730e-01 7.228250363189918648e-01
-4.993499999999999517e+01 -6.793577970094444307e-01 6.565909214099244773e-01
-4.660000000000000142e+01 -7.096682703503673917e-01 5.890792327329672506e-01
-4.326500000000000057e+01 -7.354661997098090875e-01 5.211926460378336623e-01
-3.992999999999999972e+01 -7.573800199880480477e-01 4.538395129986615983e-01
-3.659500000000000597e+01 -7.763844292246495637e-01 3.879216009971671042e-01
-3.325999999999999801e+01 -7.939203571818096439e-01 3.243219198785930457e-01
-2.992500000000000071e+01 -8.120947270122242934e-01 2.638928003527006849e-01
-2.658999999999999986e+01 -8.340313192841060097e-01 2.074443853132743598e-01
-2.325499999999999901e+01 -8.645258362227421500e-01 1.557336897680840770e-01
-1.991999999999999815e+01 -9.113632607262607266e-01 1.094543773824662586e-01
-1.658499999999999730e+01 -9.882315643819017392e-01 6.922739194773665228e-02
-1.325000000000000000e+01 -1.122999999999999998e+00 3.842999999999999888e-02
-1.300000000000000178e+01 -1.135699999999999932e+00 3.334999999999999770e-02
-1.275000000000000000e+01 -1.131099999999999994e+00 3.041999999999999912e-02
-1.200000000000000000e+01 -1.094100000000000072e+00 2.486000000000000015e-02
-1.175000000000000000e+01 -1.079399999999999915e+00 2.359999999999999945e-02
-1.150000000000000000e+01 -1.062000000000000055e+00 2.244000000000000161e-02
-1.125000000000000000e+01 -1.044300000000000006e+00 2.144000000000000072e-02
-1.100000000000000000e+01 -1.023900000000000032e+00 2.049000000000000127e-02
-1.075000000000000000e+01 -1.003300000000000081e+00 1.964000000000000121e-02
-1.050000000000000000e+01 -9.821999999999999620e-01 1.885999999999999829e-02
-1.024999999999999822e+01 -9.596999999999999975e-01 1.812000000000000069e-02
-1.000000000000000000e+01 -9.373000000000000220e-01 1.745000000000000023e-02
-9.749999999999998224e+00 -9.142000000000000126e-01 1.683000000000000121e-02
-9.499999999999998224e+00 -8.904999999999999583e-01 1.623000000000000137e-02
-9.250000000000000000e+00 -8.671999999999999709e-01 1.561000000000000061e-02
-9.000000000000000000e+00 -8.427000000000000046e-01 1.507000000000000006e-02
-8.750000000000000000e+00 -8.179999999999999494e-01 1.459000000000000054e-02
-8.500000000000001776e+00 -7.933000000000000052e-01 1.414999999999999938e-02
-8.250000000000000000e+00 -7.675999999999999490e-01 1.372999999999999915e-02
-8.000000000000000000e+00 -7.419999999999999929e-01 1.336000000000000035e-02
-7.750000000000000000e+00 -7.161999999999999478e-01 1.301000000000000073e-02
-7.500000000000000000e+00 -6.898999999999999577e-01 1.265999999999999938e-02
-7.250000000000000888e+00 -6.634999999999999787e-01 1.238999999999999997e-02
-7.000000000000000000e+00 -6.368000000000000327e-01 1.212000000000000056e-02
-6.750000000000000000e+00 -6.099999999999999867e-01 1.184999999999999942e-02
-6.500000000000000888e+00 -5.834000000000000297e-01 1.158999999999999961e-02
-6.250000000000000000e+00 -5.561000000000000387e-01 1.137999999999999949e-02
-6.000000000000000000e+00 -5.288000000000000478e-01 1.119999999999999989e-02
-5.750000000000000000e+00 -5.013999999999999568e-01 1.101000000000000069e-02
-5.500000000000000000e+00 -4.742000000000000104e-01 1.080000000000000057e-02
-5.250000000000000000e+00 -4.469000000000000195e-01 1.059000000000000045e-02
-5.000000000000000000e+00 -4.193999999999999950e-01 1.039999999999999952e-02
-4.749999999999999112e+00 -3.917999999999999816e-01 1.024000000000000084e-02
-4.500000000000000000e+00 -3.639000000000000012e-01 1.010999999999999920e-02
-4.250000000000000888e+00 -3.358999999999999764e-01 1.000999999999999980e-02
-4.000000000000000000e+00 -3.079999999999999960e-01 9.919999999999999998e-03
-3.750000000000000000e+00 -2.811000000000000165e-01 9.660000000000000184e-03
-3.500000000000000000e+00 -2.533000000000000251e-01 9.490000000000000172e-03
-3.250000000000000444e+00 -2.257000000000000117e-01 9.339999999999999344e-03
-3.000000000000000000e+00 -1.978000000000000036e-01 9.169999999999999332e-03
-2.750000000000000000e+00 -1.700000000000000122e-01 9.029999999999999832e-03
-2.500000000000000000e+00 -1.419999999999999873e-01 8.920000000000000845e-03
-2.250000000000000000e+00 -1.142999999999999988e-01 8.760000000000000425e-03
-2.000000000000000000e+00 -8.640000000000000457e-02 8.640000000000000110e-03
-1.750000000000000000e+00 -5.840000000000000052e-02 8.559999999999999901e-03
-1.500000000000000000e+00 -3.030000000000000054e-02 8.500000000000000611e-03
-1.250000000000000000e+00 -2.299999999999999961e-03 8.460000000000000506e-03
-7.500000000000000000e-01 5.299999999999999850e-02 8.590000000000000413e-03
-5.000000000000000000e-01 8.019999999999999352e-02 8.779999999999999610e-03
-2.500000000000000000e-01 1.073999999999999955e-01 8.920000000000000845e-03
0.000000000000000000e+00 1.338000000000000023e-01 9.060000000000000345e-03
2.500000000000000000e-01 1.595999999999999919e-01 8.999999999999999320e-03
5.000000000000000000e-01 1.837999999999999912e-01 8.710000000000000728e-03
7.500000000000000000e-01 2.041999999999999926e-01 8.040000000000000271e-03
1.000000000000000000e+00 2.162999999999999923e-01 7.069999999999999896e-03
1.250000000000000000e+00 2.676999999999999935e-01 7.060000000000000303e-03
1.500000000000000000e+00 3.069000000000000061e-01 7.280000000000000013e-03
1.750000000000000000e+00 3.398999999999999799e-01 7.490000000000000130e-03
2.000000000000000000e+00 3.793000000000000260e-01 7.709999999999999840e-03
2.250000000000000000e+00 4.102000000000000091e-01 7.879999999999999852e-03
2.500000000000000000e+00 4.433000000000000274e-01 8.009999999999999759e-03
2.750000000000000000e+00 4.758000000000000007e-01 8.130000000000000074e-03
3.000000000000000000e+00 5.080000000000000071e-01 8.269999999999999574e-03
3.250000000000000444e+00 5.401000000000000245e-01 8.389999999999999888e-03
3.500000000000000000e+00 5.712000000000000410e-01 8.540000000000000716e-03
3.750000000000000000e+00 6.018000000000000016e-01 8.659999999999999296e-03
4.000000000000000000e+00 6.318000000000000282e-01 8.819999999999999715e-03
4.250000000000000888e+00 6.612000000000000099e-01 8.980000000000000135e-03
4.500000000000000000e+00 6.916999999999999815e-01 9.119999999999999635e-03
4.749999999999999112e+00 7.230999999999999650e-01 9.270000000000000462e-03
5.000000000000000000e+00 7.544999999999999485e-01 9.409999999999999962e-03
5.250000000000000000e+00 7.858000000000000540e-01 9.549999999999999462e-03
5.500000000000000000e+00 8.165999999999999925e-01 9.719999999999999474e-03
5.750000000000000000e+00 8.467000000000000082e-01 9.900000000000000813e-03
6.000000000000000000e+00 8.769000000000000128e-01 1.004999999999999991e-02
6.250000000000000000e+00 9.070000000000000284e-01 1.021999999999999992e-02
6.500000000000000888e+00 9.360000000000000542e-01 1.042000000000000044e-02
6.750000000000000000e+00 9.600999999999999535e-01 1.061999999999999923e-02
7.000000000000000000e+00 9.844000000000000528e-01 1.077999999999999965e-02
7.250000000000000888e+00 1.008499999999999952e+00 1.094999999999999966e-02
7.500000000000000000e+00 1.032399999999999984e+00 1.115000000000000019e-02
7.750000000000000000e+00 1.056000000000000050e+00 1.136000000000000031e-02
8.000000000000000000e+00 1.079499999999999904e+00 1.159999999999999920e-02
8.250000000000000000e+00 1.102899999999999991e+00 1.182000000000000065e-02
8.500000000000001776e+00 1.126400000000000068e+00 1.200999999999999984e-02
8.750000000000000000e+00 1.149599999999999955e+00 1.223999999999999914e-02
9.000000000000000000e+00 1.172199999999999909e+00 1.251999999999999988e-02
9.250000000000000000e+00 1.194399999999999906e+00 1.281000000000000021e-02
9.499999999999998224e+00 1.217100000000000071e+00 1.302999999999999992e-02
9.749999999999998224e+00 1.239100000000000090e+00 1.332000000000000024e-02
1.000000000000000000e+01 1.260199999999999987e+00 1.366999999999999986e-02
1.024999999999999822e+01 1.281700000000000061e+00 1.396999999999999978e-02
1.050000000000000000e+01 1.301299999999999901e+00 1.442000000000000053e-02
1.100000000000000000e+01 1.338799999999999990e+00 1.537999999999999957e-02
1.125000000000000000e+01 1.356400000000000050e+00 1.592000000000000012e-02
1.150000000000000000e+01 1.375000000000000000e+00 1.635999999999999954e-02
1.175000000000000000e+01 1.391699999999999937e+00 1.689999999999999836e-02
1.200000000000000000e+01 1.408199999999999896e+00 1.743000000000000105e-02
1.224999999999999822e+01 1.425999999999999934e+00 1.782999999999999863e-02
1.250000000000000000e+01 1.442199999999999926e+00 1.830000000000000029e-02
1.300000000000000178e+01 1.464199999999999946e+00 1.955000000000000140e-02
1.325000000000000000e+01 1.472499999999999920e+00 2.028999999999999901e-02
1.350000000000000000e+01 1.483500000000000041e+00 2.099000000000000171e-02
1.375000000000000178e+01 1.494599999999999929e+00 2.177000000000000116e-02
1.400000000000000000e+01 1.504899999999999904e+00 2.265999999999999959e-02
1.425000000000000000e+01 1.516000000000000014e+00 2.353999999999999843e-02
1.450000000000000178e+01 1.527300000000000102e+00 2.443999999999999992e-02
1.474999999999999822e+01 1.537099999999999911e+00 2.548999999999999877e-02
1.500000000000000000e+01 1.545099999999999918e+00 2.672000000000000069e-02
1.524999999999999822e+01 1.552400000000000002e+00 2.804999999999999855e-02
1.550000000000000000e+01 1.560300000000000020e+00 2.937999999999999987e-02
1.574999999999999822e+01 1.566200000000000037e+00 3.092999999999999916e-02
1.600000000000000000e+01 1.570500000000000007e+00 3.268999999999999684e-02
1.625000000000000000e+01 1.573299999999999921e+00 3.465000000000000024e-02
1.650000000000000000e+01 1.576300000000000034e+00 3.667000000000000121e-02
1.674999999999999645e+01 1.577700000000000102e+00 3.892000000000000320e-02
1.700000000000000355e+01 1.576600000000000001e+00 4.154000000000000054e-02
1.725000000000000000e+01 1.571800000000000086e+00 4.467000000000000137e-02
1.750000000000000000e+01 1.564400000000000013e+00 4.830999999999999878e-02
1.775000000000000000e+01 1.555500000000000105e+00 5.238999999999999907e-02
1.800000000000000000e+01 1.544300000000000006e+00 5.707000000000000267e-02
1.825000000000000000e+01 1.528200000000000003e+00 6.281000000000000472e-02
1.850000000000000000e+01 1.506000000000000005e+00 6.981999999999999318e-02
1.875000000000000000e+01 1.475200000000000067e+00 7.857999999999999707e-02
1.899999999999999645e+01 1.432600000000000096e+00 8.953999999999999460e-02
1.925000000000000000e+01 1.383199999999999985e+00 1.016900000000000026e-01
2.246500000000000341e+01 1.291214809069712643e+00 1.132321694682333901e-01
2.568000000000000327e+01 1.191345165859448940e+00 1.625787616495967813e-01
2.889500000000000313e+01 1.114593216422236299e+00 2.166059821767335469e-01
3.210999999999999943e+01 1.052105209787154383e+00 2.746484253393998154e-01
3.532500000000000284e+01 9.981815307500583323e-01 3.359917034981122486e-01
3.853999999999999915e+01 9.489975056968453782e-01 3.998813850079939169e-01
4.175500000000000256e+01 9.019163983226288206e-01 4.655324312704630652e-01
4.497000000000000597e+01 8.550976834371385449e-01 5.321390143554588503e-01
4.818500000000000227e+01 8.072621605115068988e-01 5.988845918630543164e-01
5.139999999999999858e+01 7.575447397671375427e-01 6.649521124705078945e-01
5.461500000000000199e+01 7.053983129764010984e-01 7.295342239795887807e-01
5.782999999999999829e+01 6.505284072166179765e-01 7.918433556598376555e-01
6.104500000000000881e+01 5.928468936077001539e-01 8.511215482765052132e-01
6.425999999999999091e+01 5.324377430216373774e-01 9.066499083771633050e-01
6.747500000000000853e+01 4.695305229880084030e-01 9.577575681483020409e-01
7.069000000000001194e+01 4.044789320383540554e-01 1.003830038382976575e+00
7.390500000000000114e+01 3.377426479880132892e-01 1.044316849744341802e+00
7.712000000000000455e+01 2.698713842204663038e-01 1.078738386471524313e+00
8.033500000000000796e+01 2.014904480042647161e-01 1.106691826840939585e+00
8.355000000000001137e+01 1.332873610255009833e-01 1.127856115939968928e+00
8.676500000000000057e+01 6.599928447807584808e-02 1.141995908489364275e+00
8.998000000000000398e+01 4.011197311850824444e-04 1.148964432412584058e+00
9.319500000000000739e+01 -4.561977874979408071e-02 1.142126875482107007e+00
9.640999999999998238e+01 -9.271009335178885535e-02 1.128075589803901879e+00
9.962500000000000000e+01 -1.404475185128183090e-01 1.106997432554648109e+00
1.028400000000000034e+02 -1.883156624709665383e-01 1.079126662325748942e+00
1.060550000000000068e+02 -2.358327746915707679e-01 1.044783289688189010e+00
1.092699999999999960e+02 -2.825605420230145604e-01 1.004369147522560901e+00
1.124849999999999994e+02 -3.281134464273893214e-01 9.583629307033311173e-01
1.157000000000000028e+02 -3.721688633301725169e-01 9.073142672441936174e-01
1.189150000000000063e+02 -4.144782065683489947e-01 8.518368952015079598e-01
1.221300000000000239e+02 -4.548796113137288932e-01 7.926010308891530132e-01
1.253449999999999989e+02 -4.933129248620869989e-01 7.303250241390157882e-01
1.285600000000000023e+02 -5.298382050731248460e-01 6.657664053186531650e-01
1.317750000000000057e+02 -5.646596083727243309e-01 5.997124364784727213e-01
1.349899999999999807e+02 -5.981576635996567193e-01 5.329702852486292164e-01
1.382050000000000125e+02 -6.309348068916305063e-01 4.663569448621388003e-01
1.414200000000000159e+02 -6.638823331722242260e-01 4.006890268855518578e-01
1.446350000000000193e+02 -6.982828754870916699e-01 3.367725548515918543e-01
1.478499999999999943e+02 -7.359738296380585743e-01 2.753928869890860387e-01
1.510649999999999977e+02 -7.796197432550509010e-01 2.173048946342682752e-01
1.542800000000000011e+02 -8.331897050838438235e-01 1.632235197043445107e-01
1.574950000000000045e+02 -9.028455091886321560e-01 1.138148298593142926e-01
1.607100000000000080e+02 -9.987207009571408278e-01 6.968768373125613924e-02
1.639250000000000114e+02 -1.059884731343283093e+00 3.138611094011792280e-02
1.671400000000000148e+02 -8.479077850746263856e-01 1.000000000000000048e-04
1.703549999999999898e+02 -6.359308388059710104e-01 1.000000000000000048e-04
1.735699999999999932e+02 -4.239538925373139699e-01 1.000000000000000048e-04
1.767849999999999966e+02 -2.119769462686569850e-01 1.000000000000000048e-04
1.800000000000000000e+02 0.000000000000000000e+00 1.000000000000000048e-04
